Algoritmo Harmony Search, MOD 2...
Mejores resultados:
   1.0e+03 *

    0.5233    0.0607    0.0000   -0.0001    1.8347
    0.3650    0.4336   -0.0004   -0.0001    2.0651
    0.7269    0.4070   -0.0006   -0.0002    3.4236
    0.6429    0.6576   -0.0002   -0.0001    3.6991
    0.2005    1.1181   -0.0004    0.0005    3.7774
    0.8661    0.5409   -0.0003    0.0003    4.4352
    1.0413    0.1599    0.0001   -0.0005    4.5757
    0.4003    1.1606   -0.0005   -0.0003    4.6286
    1.1571    0.2763   -0.0001   -0.0002    5.5874
    0.6479    1.1640    0.0002    0.0001    5.5954
    0.9984    0.6938   -0.0004   -0.0005    5.6004
    1.1596    0.2815    0.0005    0.0002    5.6159
    0.6556    1.1649   -0.0000   -0.0005    5.6322
    1.1923    0.2290    0.0002    0.0005    5.7378
    1.0606    0.6418   -0.0003    0.0000    5.8348
    1.1785    0.3574   -0.0002    0.0005    5.9175
    1.0835    0.6653    0.0002   -0.0001    6.0495
    1.1022    0.6574    0.0000    0.0004    6.1496
    1.0876    0.7203    0.0002    0.0000    6.2389
    1.0899    0.7602    0.0004   -0.0002    6.3777
    1.0058    0.9455    0.0003    0.0003    6.4896
    1.1125    0.8562    0.0005    0.0000    6.8453
    1.0001    1.0465   -0.0005   -0.0001    6.8577
    1.1377    0.8417   -0.0004    0.0004    6.9666
    1.1395    0.8689   -0.0001    0.0002    7.0732
    0.9898    1.1571    0.0001   -0.0000    7.2859
    1.0283    1.1875   -0.0002    0.0004    7.6636
    1.0888    1.1417    0.0005    0.0005    7.8326
    1.1546    1.0978   -0.0002    0.0004    8.0808
    1.1868    1.0766   -0.0005   -0.0002    8.2169

>> 